time,x,y,z,phi,theta,psi,x_velocity,y_velocity,z_velocity,phi_velocity,theta_velocity,psi_velocity,rotor_speed1,rotor_speed2,rotor_speed3,rotor_speed4
0.06,-2.387248343180652e-07,-8.25786566372037e-08,10.00128520843204,6.282943215582595,0.0002520788729913903,0.0,-2.0778942122250907e-05,-1.2621218052188198e-05,0.04283918992818543,-0.013659970793721034,0.011501910083211575,0.0,418.194136425866,419.19456428068514,418.6433164914091,417.4533394853074
0.12000000000000001,-9.494348043600904e-06,-9.23000339208753e-06,10.007396118718397,6.282065827664649,0.0008793024529643034,0.0,-0.00035677933344043075,-0.0003810335062509399,0.16084768543239925,-0.016622517209546463,0.008270335668421943,0.0,442.28611700463,442.0198097245979,443.1343410651555,442.8908950088289
0.18,-5.326827052309882e-05,-6.235958045701891e-05,10.022519135828354,6.280867332253948,0.0011138242667918519,0.0,-0.0011461715497000542,-0.0015141294287184409,0.3432148987740055,-0.027702069014696407,-0.006677089209964966,0.0,463.5008469017846,462.3247837947306,462.2058243838463,461.3319922058707
0.23999999999999996,-0.0001459963107756507,-0.00021371436591566297,10.048502594422203,6.278812831548546,0.0007076012962308198,0.0,-0.0018987862219480166,-0.003736546705625492,0.5228343075111833,-0.05240070825988353,-0.006957632451126481,0.0,461.02618196108114,461.00412823528217,463.20198361035955,461.2553093667794
0.3,-0.0002736523065435153,-0.0005407840800977565,10.082971400726956,6.275620388103139,0.0008090996752718738,0.0,-0.002344297082156915,-0.007490174090296729,0.6260727110974977,-0.054870976476161626,0.014980399173396096,0.0,437.66794362230354,439.48975730504566,437.98747614842677,437.7801006831359
0.36000000000000004,-0.00043867339305747296,-0.0011849741512155354,10.12690398475541,6.273274803077326,0.002320714469136398,0.0,-0.0033055524394543343,-0.014303058415930719,0.8382121599190815,-0.018542304173365658,0.04028290586961428,0.0,470.80471394607014,472.7581336990385,469.97551879323885,472.7814943012147
0.4200000000000001,-0.0007032358346691178,-0.0022855435988934623,10.18348755518412,6.271895975327528,0.004414736185072599,0.0,-0.0057830210903754235,-0.022525852815724105,1.0477358914597141,-0.03379409504916047,0.021057909121847122,0.0,470.9404339810576,469.45166814186604,472.62141144022513,471.4445444386684
0.48000000000000015,-0.0011548766392108628,-0.0038995335524570954,10.251186402069193,6.2697975372386985,0.005774009675035607,0.0,-0.009416749606311413,-0.03150092875062952,1.208732196011859,-0.03744421222506111,0.025670246114484707,0.0,456.6476926911344,457.0154456682543,457.2556182612448,456.9642875526151
0.5400000000000001,-0.0018547785256885494,-0.006096107015190137,10.32827691024315,6.2678121818732695,0.007521420500949283,0.0,-0.014093473402572908,-0.04194671148145129,1.3607780097830597,-0.025558264087752774,0.03526227835073295,0.0,454.4500084640838,455.2183584958215,453.877647878962,454.8300429095588
0.6000000000000002,-0.002880589719101211,-0.008968284602288512,10.414954253208744,6.266127280212668,0.010118347993690158,0.0,-0.020366404659139452,-0.05396887396244011,1.5282524509447535,-0.033676983119451186,0.0558022279981115,0.0,459.1993927948249,460.8266446939025,459.6325443691194,458.9885399860561
0.6600000000000003,-0.0043632060384725885,-0.012628365331742305,10.513268692078494,6.264911608753533,0.01327480488780175,0.0,-0.029441571264961896,-0.06821217751685911,1.7485768818073153,-0.0018651695475208861,0.04530222286177856,0.0,475.96418355577924,475.16157382484454,474.8856262266158,477.31925813215184
0.7200000000000003,-0.006462840458882565,-0.01716339765168515,10.624700563917841,6.264372506485071,0.01562287078553215,0.0,-0.04084885751821791,-0.08298042027859322,1.9654661341949693,-0.029664987076520006,0.022451003765697187,0.0,475.9374654153264,474.18602949378857,476.9857587691443,474.8582155739142
0.7800000000000004,-0.009173389720600595,-0.022455416406754126,10.741321567208045,6.262444079833855,0.016990757938628143,0.0,-0.04961365388475146,-0.093571059864549,1.9219696205566505,-0.03761727170509599,0.02348338699637309,0.0,393.0279416324754,393.1237209381797,392.8995967315831,392.16111080021057
0.8400000000000004,-0.01250682619510275,-0.02850724440505382,10.859650463139346,6.259847962310651,0.018257627728507586,0.0,-0.06163497801729945,-0.10839699328027996,2.022146104210194,-0.05804443007021378,0.01589766889932724,0.0,441.2496967097383,440.6230600239084,441.1976133669021,439.50675919258015
0.9000000000000005,-0.016588842864436206,-0.03551055755789077,10.984142613695216,6.255923412246974,0.019031643935189635,0.0,-0.07451844069157343,-0.12541559879550096,2.127389709252487,-0.08722414477300788,0.00610675427229595,0.0,443.6783817240729,442.87373126040865,443.201123652287,440.79288191799606
0.9600000000000005,-0.021454596607522528,-0.04361838198708878,11.114762917272632,6.250313765984668,0.019660852435145593,0.0,-0.0877217959303493,-0.14538746433094263,2.226413406331897,-0.11056047879472175,0.018056887051125455,0.0,440.9838917831813,441.9697549208317,441.7343687517989,439.79804229199783
1.0200000000000005,-0.027201541342214,-0.053171329422652965,11.255022966217341,6.244095322856381,0.020439320807974504,0.0,-0.10394924981749212,-0.17379680070764225,2.448440180715909,-0.09252260854178149,0.00013235823631759826,0.0,478.88701648257813,477.5215875847902,478.7732738318585,480.1349582165239
1.0800000000000005,-0.033942498796538226,-0.06458786436978275,11.408896383762807,6.238463261417472,0.020037657953496435,0.0,-0.12072205318444015,-0.20741278234382726,2.6801278360149916,-0.09670130941134969,-0.026069294689846097,0.0,483.4561591382596,481.47805130077916,482.91143989293744,482.58943287272626
1.1400000000000006,-0.04156644323386351,-0.07791492381514484,11.571289576822583,6.232375316258931,0.018142593196333934,0.0,-0.13324597974722666,-0.23737966388960252,2.7328258826245597,-0.11327448603261554,-0.04588377394421092,0.0,429.15541913181556,427.46977689143614,430.3409585601763,428.92631385540994
1.2000000000000006,-0.049875359511534385,-0.09308427637650982,11.735373604761019,6.225149626458272,0.0154102436182324,0.0,-0.14347725816720597,-0.26887490055530666,2.7365988065048956,-0.1412288380309543,-0.04485890134818022,0.0,412.27659582784753,412.36575356271044,415.11958124390975,412.6443432172341
1.2600000000000007,-0.0587735917461996,-0.11037163020376486,11.901254326360101,6.216388114360381,0.01291519666740637,0.0,-0.15288164513053634,-0.30818291994422425,2.7925690057501398,-0.15792829271573205,-0.035730637826146584,0.0,430.4827734127424,431.25349488972176,430.8447800575775,429.40953164491816
1.3200000000000007,-0.0681632072609015,-0.1300463086024375,12.068380914621308,6.206828883445704,0.010511416491483239,0.0,-0.1599141359159481,-0.3484519841925396,2.7782883184557026,-0.16225727679757848,-0.05055680746542564,0.0,408.39443720965824,407.0688046361439,407.5005097470832,407.0866810387752
1.3800000000000008,-0.0779648507150812,-0.1525640866747128,12.23797517263444,6.1969972201775985,0.008164914203984353,0.0,-0.1665384199636419,-0.4031142387613019,2.8745261521657652,-0.1672737370896845,-0.0226885938652337,0.0,442.02770531445384,444.3173714985543,444.8349937088874,444.39838914482493
1.4400000000000008,-0.08815297181251246,-0.17891908483390423,12.417342384029851,6.187191509135429,0.006675355328538579,0.0,-0.17288848496482792,-0.47653285539444457,3.103660073534276,-0.15668248363290718,-0.02948513751444425,0.0,484.3257883276757,483.8142991021331,484.8618740710956,485.633837929763
1.5000000000000009,-0.09866224712041048,-0.20958447629801025,12.607045334325061,6.178357595956831,0.005067077979100887,0.0,-0.17724259565086126,-0.5465614941370212,3.2193363697918573,-0.13301720030461991,-0.02192111715684256,0.0,451.8487325659411,452.4579645957572,451.29846623837636,453.18425695244855
1.560000000000001,-0.1094071842116836,-0.24478577738753302,12.805101120202046,6.170976680850076,0.0035030107181759362,0.0,-0.18076088419560998,-0.6276140624655665,3.3819355655463506,-0.10817215852528353,-0.03601515465178745,0.0,468.2599665731779,467.1621282886729,466.1613110363221,468.08543380661905
1.620000000000001,-0.12031510258026339,-0.284674833927552,13.009936961704897,6.1647607834995455,0.001024062378998991,0.0,-0.1826136813293984,-0.7026133010991329,3.445635675525196,-0.0957445251408445,-0.05487884424304845,0.0,438.230487069949,436.6585753122403,437.95636195021854,438.97925707178507
1.680000000000001,-0.13128428965261246,-0.3299361481180511,13.22484406515053,6.158856490959717,6.281101771332331,0.0,-0.18261693691232717,-0.8067371757102,3.7169576325868072,-0.10433627391906315,-0.046245438455886925,0.0,500.12791255364317,500.75492385625193,501.37733198309274,500.7455515659942
1.740000000000001,-0.14219277076161466,-0.38076546104533837,13.449390101452392,6.152881315987472,6.278534724921805,0.0,-0.18074613573777948,-0.8881322388145699,3.767629248824085,-0.09147211911296563,-0.03663326233652462,0.0,436.31048301724366,437.11123623163655,435.7405975101493,436.805914995324
1.8000000000000012,-0.15292216724937704,-0.4371022596791328,13.680825794343132,6.147639767600976,6.276738712155309,0.0,-0.1766782872952733,-0.9902917010201508,3.9461569600615505,-0.08019761308825932,-0.01909842827766835,0.0,476.5244008172881,477.862727347668,475.46489897805884,476.32210505414383
1.8600000000000012,-0.16336130716321645,-0.49985988635640954,13.924206890605616,6.142302481085601,6.275341096594408,0.0,-0.1711473369066447,-1.1021166443580448,4.165621976113505,-0.11899175887178418,-0.03338334013067859,0.0,490.9126333676901,489.85143250087003,490.9830350267247,488.08960259390375
1.9200000000000013,-0.1734512277293812,-0.5691162595667084,14.178267551681671,6.135095134617151,6.273476101753346,0.0,-0.16497899901555757,-1.2071272671093463,4.302374807558451,-0.12248311667335914,-0.02684058317675546,0.0,467.5405093223104,468.0497422553145,467.27760257744933,466.993080372173
1.9800000000000013,-0.18314652649026994,-0.6446163109340334,14.439070044739816,6.127949395921979,6.272255776618538,0.0,-0.15806083695053705,-1.3102169441429001,4.390515546531193,-0.11306583204357261,-0.009765743054749709,0.0,452.4926297326227,453.86524201203315,454.42656354180383,455.16843869537456
2.0400000000000014,-0.1923901464851425,-0.726661127083936,14.706495504785332,6.121680049180263,6.271882446557733,0.0,-0.15001529253761978,-1.4252224100968691,4.522945726442689,-0.09129698313621963,6.059861886228849e-05,0.0,468.0486361548088,468.8129411357792,468.0771148686539,469.75914804919285
2.1000000000000014,-0.20121411821029958,-0.8147591426557467,14.975858728487218,6.116452914831239,6.272510964809939,0.0,-0.14414331974454292,-1.511842630098518,4.455951271420447,-0.07985837847020956,0.025788756785766614,0.0,405.21015781241147,407.5167381283688,404.18050305903034,405.2030808815653
2.1600000000000015,-0.20965935770076302,-0.9087826750872877,15.244995508734267,6.1117911139848164,6.274053718188185,0.0,-0.13751738628523472,-1.6226967611482614,4.514869317705197,-0.07369256190700291,0.02555973900338425,0.0,446.9577556925893,446.93920710660115,447.1479647432399,447.64526651885
2.2200000000000015,-0.21774143526413328,-1.0094794826294078,15.517234607455675,6.1070709143014525,6.276017636463022,0.0,-0.13205594883028496,-1.7342689843912353,4.559413162898185,-0.09116040499529042,0.044183659288105304,0.0,442.5314554911205,444.0624113676196,444.33385533090086,442.89422120480555
2.2800000000000016,-0.22548917715985703,-1.1182405735940175,15.799234527396269,6.102117552781838,6.278944211874666,0.0,-0.12657552255148258,-1.891561529345864,4.839158338331365,-0.06932855342407197,0.056661303350726555,0.0,513.5708529200774,514.4562843050019,513.3318340632536,514.874130347256
2.3400000000000016,-0.23301404034496098,-1.2353014273453693,16.09110591262478,6.098765474338368,6.28200966577338,0.0,-0.12456773658539065,-2.010788944772101,4.889484859525497,-0.037433429311313784,0.03660147473396452,0.0,450.5479968827299,448.9245673430604,447.08555296624826,449.67466463338144
2.4000000000000017,-0.24047228012012564,-1.359936489598508,16.38788266060175,6.0970344681809046,0.0010300469878039564,0.0,-0.12427274309949625,-2.14384320621902,5.002406758682315,-0.015642851882889493,0.03707949297640241,0.0,470.15929134027164,470.19687020038856,467.55008614885753,469.24467160145946
2.4600000000000017,-0.24796394020657664,-1.4928542597560472,16.69279540262328,6.09583139224058,0.004340824582095948,0.0,-0.1257740401088274,-2.2867555376907767,5.160470028411302,-0.030775569985404847,0.07765238780117055,0.0,481.61214783366285,484.673098552701,485.6420280215103,484.50551573986763
2.520000000000002,-0.25560384014019377,-1.6334419180625075,17.002203937794384,6.093617229002877,0.009582831953305337,0.0,-0.12932638335332752,-2.3997076189684314,5.153021909503203,-0.053430197523615525,0.10188944330798928,0.0,433.08682722554414,435.1272660637499,435.9959151328574,434.09789492925415
2.580000000000002,-0.26356182779940257,-1.7810002735487356,17.311882414025288,6.0904952452462275,0.015575364516877244,0.0,-0.13648989532283243,-2.5192001159961475,5.169313937015207,-0.04937671678893672,0.09551221653431424,0.0,443.13061216997323,442.6146021220099,442.20098539014054,442.5330598784801
2.640000000000002,-0.2721132618151651,-1.9364195994181101,17.62572095386088,6.088302172266694,0.02123954025476582,0.0,-0.14915623879254947,-2.661622974382034,5.291166532466724,-0.018731439770326617,0.09208835942640035,0.0,476.6219994569801,476.36711131087884,474.39580457747047,476.74275494339065
2.700000000000002,-0.2815606075053774,-2.1005469178767218,17.947410878786386,6.0871481469590165,0.027440156288017548,0.0,-0.16638785774227666,-2.809313610657382,5.430944283928509,-0.0202577262366662,0.11955333624008692,0.0,481.67654252949364,483.7574680008057,483.24599404113405,483.13098862472424
2.760000000000002,-0.2922121209877959,-2.2737527718718966,18.27836822072725,6.085784766337699,0.03436610703136456,0.0,-0.18944117408187883,-2.9642279248196175,5.5998840424868535,-0.028175458110925772,0.10557002598699998,0.0,494.49716067830093,493.47620098870897,492.83732771166837,492.25167867009327
2.820000000000002,-0.3042329516591131,-2.4553516265215647,18.614708795003907,6.084275883014644,0.04116557166655799,0.0,-0.21184490785400456,-3.08924337865206,5.611196245531597,-0.019693518437350177,0.12550833657108199,0.0,447.2009940435104,448.83354748569985,446.66119665199733,447.3524258071066
2.880000000000002,-0.3177513777105627,-2.6446060530323656,18.95228132465291,6.083984807280487,0.04824761897126173,0.0,-0.23944713998156872,-3.219319833079033,5.640861994655824,0.014875315641829642,0.09569957971345525,0.0,455.24549123124626,452.86527477755266,452.38360735936163,455.1592458796333
2.940000000000002,-0.33288503849881984,-2.8410061730810536,19.28827052923576,6.085041173414355,0.05383750766522866,0.0,-0.26545991092199367,-3.3274413006848267,5.55906697140863,0.022573495214021654,0.08754516848505374,0.0,417.9328096820786,417.2292201637687,418.07090790466486,418.74122949474383
3.000000000000002,-0.34964705687340153,-3.0438314506511834,19.61901859995857,6.08640887851544,0.05959081205965955,0.0,-0.29371153053362675,-3.4334852115484336,5.466219998965464,0.023234573015689524,0.10879960731369595,0.0,411.9502826351909,413.8342658560447,414.1114434488217,414.16968123710996
3.0600000000000023,-0.3682539124931651,-3.2532109395147426,19.94514415004808,6.088141138354798,0.06575512500009406,0.0,-0.32704025966430295,-3.5458639548828033,5.404811358187271,0.038260703976898174,0.08647545470089182,0.0,424.3252304881277,422.4135110761415,422.97595384319675,424.2686006338501
3.1200000000000023,-0.3888689710559928,-3.4690747182429496,20.266297759901118,6.090036994626022,0.07120649972371584,0.0,-0.36054962308979654,-3.6496529659351795,5.300726914345206,0.012925407369776603,0.09842265243772547,0.0,408.54765728550433,409.61938553060776,408.75866871283006,406.49450775126684
3.1800000000000024,-0.41183549675343895,-3.691851241601381,20.58470047083823,6.091277565519633,0.07708573939911467,0.0,-0.4055229752328213,-3.7762265994881474,5.312469620004955,0.03286383216210119,0.09710284875747936,0.0,446.2560970119071,446.1565195880006,445.62577997498397,447.25295110137836
3.2400000000000024,-0.43740601501554,-3.9217303745530225,20.901264160107132,6.0935525701949995,0.08278660852765629,0.0,-0.44729988974525264,-3.8864379818732346,5.239894632137673,0.04647622550399987,0.0904750295001614,0.0,419.01481275478056,418.44636533106427,418.37965983761154,419.56419761358535
3.3000000000000025,-0.4663349938733649,-4.159918863510615,21.2223770780752,6.09642170647721,0.08890302039031539,0.0,-0.5176059453657808,-4.052741938460668,5.462584220486519,0.0503767438057618,0.11837103163670075,0.0,508.15524878112785,510.15857484621523,509.7246049083811,510.00438001777303
3.3600000000000025,-0.49909023352031445,-4.406917030574105,21.55086278371786,6.09973873375797,0.0957906282224883,0.0,-0.5748639074441034,-4.180354908935745,5.486685194163336,0.06363054757569378,0.10646423161603144,0.0,453.5029076438424,452.55672514836584,452.29295746188455,453.3613162723878
3.4200000000000026,-0.5354982168316378,-4.661710154994616,21.8817039711895,6.103365246430865,0.10202199091209163,0.0,-0.6393113984035074,-4.312491055307231,5.540954848666214,0.05315273052782658,0.09805501501017085,0.0,463.6614288990108,463.0090509475615,462.8362036370374,462.01307240852765
3.4800000000000026,-0.5758668212197116,-4.924348898684246,22.21552706908154,6.1064889281607755,0.10876618764712731,0.0,-0.7068862416770554,-4.441944683038624,5.586102904604843,0.049784931008479284,0.13166599618006217,0.0,459.2744349624195,461.9432391108752,461.31874990846575,461.0543309251851
3.5400000000000027,-0.6202921173776752,-5.194516956202794,22.550849558269466,6.109318805383616,0.11684338236083924,0.0,-0.7746598211122004,-4.563549860378372,5.591124567815793,0.041330122407774506,0.1399498044192499,0.0,449.3490049020783,450.0366095434901,448.7970728377929,448.1114591144781
3.6000000000000028,-0.6689881903157985,-5.472048737448648,22.88692424518758,6.1118241464494965,0.12488603006924759,0.0,-0.8492751099309592,-4.687419212092857,5.6110638938685,0.042593279929059355,0.11836639461953763,0.0,455.0257213605116,453.3100648402654,454.2712202938807,454.37341159102715
3.660000000000003,-0.7220030228939486,-5.7565953954026385,23.22182172377137,6.113925187974395,0.13204438436161503,0.0,-0.9184853510488561,-4.797499710499528,5.552328927972558,0.012142337454009385,0.12111995852513278,0.0,429.5784890487795,429.82531182736835,430.2089296749682,427.6226846959766
3.720000000000003,-0.77938233423712,-6.047874608183075,23.553878953506665,6.114809448853791,0.13911886011335195,0.0,-0.9947655936151967,-4.9119225279563015,5.5161927328405325,0.019479567200203527,0.11056160246722635,0.0,437.01260738893507,436.1441308273626,436.2710427575556,436.8832849531871
3.780000000000003,-0.8421978925166353,-6.346916712602906,23.888919664993516,6.115431532029982,0.14616451223873383,0.0,-1.0997062947154905,-5.056060125452554,5.650801319960343,-0.022638738148360905,0.12847432173865134,0.0,489.0935530526623,490.4368905580194,491.2143977755172,488.08043324545383
3.840000000000003,-0.9113051754498024,-6.654453065214457,24.230913406280884,6.114266993627361,0.15398663851992733,0.0,-1.2045579101423167,-5.19530714960968,5.748031222077665,-0.013626700708729688,0.13390780169836217,0.0,480.8389760142587,481.26464574416116,480.1909140554673,480.87427786613955
3.900000000000003,-0.9867901842932325,-6.970314466214889,24.578205943530353,6.113007172058484,0.16211791180796276,0.0,-1.3123160416160855,-5.333552611096759,5.827505127225901,-0.04285435878527748,0.13856395597705187,0.0,478.03362040515714,478.4038900952383,477.6527495107403,475.41799256353937
3.960000000000003,-1.0689224109905635,-7.294549686420129,24.930309775680872,6.1109406499309955,0.17027169155005062,0.0,-1.426132798912751,-5.47454360339522,5.908302281389002,-0.021441446489003535,0.12994896795761612,0.0,480.18324428290526,479.5446489389487,478.6172950782402,480.2441061344593
4.020000000000002,-1.1570464641036529,-7.626322839937533,25.28151861041266,6.1100669140176755,0.1779704336494774,0.0,-1.5119727935713874,-5.58489597137098,5.798893693184083,-0.003489928818289037,0.124823875607131,0.0,420.752547773402,420.3245383507721,419.70624609886727,421.2619039101213
4.080000000000001,-1.2514914431239832,-7.965772163763233,25.631876040550868,6.109715836509551,0.1850791854806264,0.0,-1.6368051270842536,-5.730182170633464,5.878757971366373,-0.011050621490007257,0.10112404331506795,0.0,481.8986188356815,480.11456259338684,481.07525122128317,480.50238703882223
4.14,-1.3531415105423834,-8.313596841454304,25.98475784067302,6.109996320772751,0.19087664594599474,0.0,-1.7520176305613506,-5.864149809247409,5.883518455911978,0.02518478895105966,0.08563299469254337,0.0,460.9487163998338,459.7301103129788,457.43167457597553,460.3089010546358
4.199999999999998,-1.4617231799452846,-8.669420145448564,26.337462911246018,6.111155238391802,0.19585527751042164,0.0,-1.8677937862008098,-5.996731172025754,5.873029314356239,0.0037476086525755556,0.07705624988423575,0.0,456.04689714002467,455.36652984500165,456.38882673281427,454.6741062434911
4.259999999999997,-1.5771768835909292,-9.033092019032107,26.688702452628686,6.111242294875215,0.20056427335827287,0.0,-1.9810596905683455,-6.125891264357699,5.834780695625216,-0.003591667372524122,0.08119302071073153,0.0,447.8311860233397,448.17248956082835,447.0017325938631,446.4030561916932
4.319999999999996,-1.6997036059643136,-9.404725811575721,27.038552505470385,6.1109107171912935,0.2051200349828699,0.0,-2.1035480378593934,-6.262131738206354,5.82648549897998,-0.009707428346704287,0.06249600626190255,0.0,458.6423678897834,457.1588480639667,457.1658916122523,456.67829745693376
4.379999999999995,-1.8299128562550393,-9.784798750181459,27.38906183083903,6.1105464819967565,0.20893074949232293,0.0,-2.2370310598385705,-6.407181189147646,5.8565052255705305,0.0003589489074777466,0.06546912536875554,0.0,470.184288498507,470.4173160509417,469.9134482162558,470.6934243858073
4.439999999999993,-1.9680663425293552,-10.173516302720314,27.740670827937315,6.110797924319652,0.21437642750984587,0.0,-2.368476405340369,-6.550271931948113,5.863273739293727,0.010924423808526249,0.11817437694610744,0.0,462.0187299748486,466.16220602779765,464.2822600352131,465.1106220671045
4.499999999999992,-2.1143305953683633,-10.57095632012806,28.09314683552725,6.111232193218058,0.2219936621399583,0.0,-2.5076011527222395,-6.697881388377189,5.885242334485498,-0.0014018630653520854,0.14038640501390845,0.0,469.5408579678421,471.2747642958792,470.65132003675706,469.69598798073304
4.559999999999991,-2.2678156203935314,-10.976341714517526,28.441349079437153,6.111037109643188,0.231646945686923,0.0,-2.6093381250030845,-6.815377927597808,5.721945296492374,-0.007234151446095492,0.18515260001428546,0.0,408.96977436200643,412.96415019030076,409.85333815291057,409.3345406513072
4.6199999999999894,-2.4283897179849445,-11.389450101658102,28.783220308129156,6.110449817873517,0.242315095261052,0.0,-2.7440236220230494,-6.955204863655403,5.673341822616537,-0.01546022641779124,0.15609411177691468,0.0,449.04901609436826,446.71443373441826,449.6553136372225,448.9883542009413
4.679999999999988,-2.5968442726763956,-11.810756536474734,29.12062267594959,6.1091769613802,0.25154054070262344,0.0,-2.871893334191802,-7.088745760920323,5.573303167769703,-0.036361367389542244,0.14862558148336608,0.0,432.6223747442632,432.0158919723676,433.29397877319633,431.5326479446106
4.739999999999987,-2.772691583228187,-12.239872685041046,29.450354600976794,6.107568475339928,0.2601972767518266,0.0,-2.990425333836923,-7.215629074785759,5.417963209867417,-0.012463424662939383,0.13375454783695062,0.0,414.6728527019702,413.3850060398439,411.70291852633073,413.81230471842736
4.799999999999986,-2.956700917212635,-12.677289367273273,29.7741279303794,6.107406976543643,0.2684684919885383,0.0,-3.143884498283005,-7.365259004506521,5.3739984941518,0.011904437058568836,0.1449910406967367,0.0,451.35774828391175,452.2810870707624,449.18004809581487,451.1524459125398
4.859999999999984,-3.1517761535218503,-13.124831522956056,30.101283242272572,6.107849962882714,0.2771607247282377,0.0,-3.3592399338708674,-7.5528384046271375,5.529360387353506,-0.003685386532327751,0.14462874922761743,0.0,512.9460596466963,512.93686757985,514.1277213667483,513.021622647118
4.919999999999983,-3.3580892904437607,-13.582539043731533,30.43117120835796,6.1073798051298525,0.2868035569204972,0.0,-3.5186170446991922,-7.704441544724727,5.466440972631647,-0.01779673049216184,0.1815142158273356,0.0,448.16975408150415,451.1817226047639,450.3081312088066,449.1649402067755
4.979999999999982,-3.5746809553953596,-14.04974605547596,30.759016236471503,6.1060221652529965,0.29759250877211585,0.0,-3.70193632403016,-7.869473054333665,5.460709652692448,-0.03465588704023555,0.17618810928082576,0.0,470.0272245006541,469.6434661720592,469.6807481863715,468.370980678801
5.0399999999999805,-3.8007925562416447,-14.52599068526142,31.08106725372658,6.103907471184012,0.30803670067251243,0.0,-3.835986689251832,-8.005935025220907,5.274493096328696,-0.036449468752171525,0.16946304181479296,0.0,411.15744496442386,410.59282655582444,410.01833397243087,409.85825204284663
